 0 0 0.04295613
 0.1 0 0.12017589
 0.2 0 0.23236108
 0.3 0 0.36837044
 0.4 0 0.52562094
 0.5 0 0.71636164
 0.6 0 0.95164275
 0.7 0 1.2871948
 0.8 0 2.059719
 0.9 0 4.546593
 1.0 0 9.468471
 0 0.1 0.04297638
 0.1 0.1 0.11874846
 0.2 0.1 0.231603
 0.3 0.1 0.36866263
 0.4 0.1 0.5207038
 0.5 0.1 0.7158209
 0.6 0.1 0.94698983
 0.7 0.1 1.2826973
 0.8 0.1 2.0558667
 0.9 0.1 4.4960327
 1.0 0.1 9.422201
 0 0.2 0.042436533
 0.1 0.2 0.12032926
 0.2 0.2 0.23077993
 0.3 0.2 0.36657292
 0.4 0.2 0.5259964
 0.5 0.2 0.7171406
 0.6 0.2 0.95557636
 0.7 0.2 1.2958359
 0.8 0.2 2.0851192
 0.9 0.2 4.4850764
 1.0 0.2 9.400489
 0 0.3 0.04375303
 0.1 0.3 0.11812682
 0.2 0.3 0.23386745
 0.3 0.3 0.36827618
 0.4 0.3 0.52568567
 0.5 0.3 0.71691906
 0.6 0.3 0.95044434
 0.7 0.3 1.2980014
 0.8 0.3 2.06007
 0.9 0.3 4.4720263
 1.0 0.3 9.509762
 0 0.4 0.04161071
 0.1 0.4 0.121433154
 0.2 0.4 0.23105593
 0.3 0.4 0.3662953
 0.4 0.4 0.5255063
 0.5 0.4 0.7143167
 0.6 0.4 0.94847405
 0.7 0.4 1.3003775
 0.8 0.4 2.0672727
 0.9 0.4 4.498537
 1.0 0.4 9.444827
 0 0.5 0.04284421
 0.1 0.5 0.11983329
 0.2 0.5 0.22857991
 0.3 0.5 0.3658425
 0.4 0.5 0.5249081
 0.5 0.5 0.71811503
 0.6 0.5 0.9500059
 0.7 0.5 1.2927443
 0.8 0.5 1.9918941
 0.9 0.5 4.5590277
 1.0 0.5 9.49557
 0 0.6 0.04240047
 0.1 0.6 0.119099304
 0.2 0.6 0.23105
 0.3 0.6 0.36609024
 0.4 0.6 0.52378887
 0.5 0.6 0.71548474
 0.6 0.6 0.94944805
 0.7 0.6 1.3035222
 0.8 0.6 2.0950832
 0.9 0.6 4.545454
 1.0 0.6 9.584449
 0 0.7 0.043139387
 0.1 0.7 0.118236355
 0.2 0.7 0.23094112
 0.3 0.7 0.3676363
 0.4 0.7 0.5253897
 0.5 0.7 0.7165124
 0.6 0.7 0.9514726
 0.7 0.7 1.2962034
 0.8 0.7 2.0531185
 0.9 0.7 4.5278273
 1.0 0.7 9.447023
 0 0.8 0.04325666
 0.1 0.8 0.12094851
 0.2 0.8 0.23187122
 0.3 0.8 0.36764812
 0.4 0.8 0.5243084
 0.5 0.8 0.7148818
 0.6 0.8 0.9511861
 0.7 0.8 1.2889674
 0.8 0.8 2.0811698
 0.9 0.8 4.6123753
 1.0 0.8 9.430189
 0 0.9 0.042734426
 0.1 0.9 0.11974841
 0.2 0.9 0.23109739
 0.3 0.9 0.36921373
 0.4 0.9 0.52685565
 0.5 0.9 0.71384066
 0.6 0.9 0.9501049
 0.7 0.9 1.2935723
 0.8 0.9 2.048983
 0.9 0.9 4.5137787
 1.0 0.9 9.396878
 0 1.0 0.042664822
 0.1 1.0 0.11931172
 0.2 1.0 0.23333447
 0.3 1.0 0.36810324
 0.4 1.0 0.5270072
 0.5 1.0 0.71591884
 0.6 1.0 0.9537852
 0.7 1.0 1.2928776
 0.8 1.0 2.046523
 0.9 1.0 4.4803452
 1.0 1.0 9.458334





